0 57 0
57 0 0
0 8 0
8 0 0
0 89 0
89 0 0
0 28 0
28 0 0
0 52 0
52 0 0
0 86 0
86 0 0
0 95 0
95 0 0
0 7 0
7 0 0
0 96 0
96 0 0
1 67 0
67 1 0
1 81 0
81 1 0
1 66 0
66 1 0
1 18 0
18 1 0
1 34 0
34 1 0
1 7 0
7 1 0
1 39 0
39 1 0
1 41 0
41 1 0
2 50 0
50 2 0
2 26 0
26 2 0
2 70 0
70 2 0
2 35 0
35 2 0
2 5 0
5 2 0
2 60 0
60 2 0
2 78 0
78 2 0
2 15 0
15 2 0
2 66 0
66 2 0
3 71 0
71 3 0
3 30 0
30 3 0
3 72 0
72 3 0
3 77 0
77 3 0
3 99 0
99 3 0
3 79 0
79 3 0
3 49 0
49 3 0
3 92 0
92 3 0
3 98 0
98 3 0
3 54 0
54 3 0
4 78 0
78 4 0
4 24 0
24 4 0
4 6 0
6 4 0
4 17 0
17 4 0
4 13 0
13 4 0
4 53 0
53 4 0
4 42 0
42 4 0
4 70 0
70 4 0
4 86 0
86 4 0
4 40 0
40 4 0
5 41 0
41 5 0
5 74 0
74 5 0
5 13 0
13 5 0
5 45 0
45 5 0
5 23 0
23 5 0
5 1 0
1 5 0
5 30 0
30 5 0
5 50 0
50 5 0
6 69 0
69 6 0
6 28 0
28 6 0
6 96 0
96 6 0
6 20 0
20 6 0
6 30 0
30 6 0
6 25 0
25 6 0
6 65 0
65 6 0
6 78 0
78 6 0
7 36 0
36 7 0
7 6 0
6 7 0
7 98 0
98 7 0
7 45 0
45 7 0
7 40 0
40 7 0
7 84 0
84 7 0
8 73 0
73 8 0
8 84 0
84 8 0
8 24 0
24 8 0
8 86 0
86 8 0
8 19 0
19 8 0
8 46 0
46 8 0
8 15 0
15 8 0
9 97 0
97 9 0
9 70 0
70 9 0
9 7 0
7 9 0
9 1 0
1 9 0
9 5 0
5 9 0
9 37 0
37 9 0
9 41 0
41 9 0
9 15 0
15 9 0
9 52 0
52 9 0
10 22 0
22 10 0
10 87 0
87 10 0
10 14 0
14 10 0
10 26 0
26 10 0
10 29 0
29 10 0
10 20 0
20 10 0
10 28 0
28 10 0
10 49 0
49 10 0
10 36 0
36 10 0
11 26 0
26 11 0
11 96 0
96 11 0
11 78 0
78 11 0
11 82 0
82 11 0
11 44 0
44 11 0
11 76 0
76 11 0
11 46 0
46 11 0
11 15 0
15 11 0
12 16 0
16 12 0
12 56 0
56 12 0
12 81 0
81 12 0
12 74 0
74 12 0
12 27 0
27 12 0
12 37 0
37 12 0
12 89 0
89 12 0
12 78 0
78 12 0
12 83 0
83 12 0
13 26 0
26 13 0
13 68 0
68 13 0
13 21 0
21 13 0
13 10 0
10 13 0
13 65 0
65 13 0
13 31 0
31 13 0
14 90 0
90 14 0
14 33 0
33 14 0
14 37 0
37 14 0
14 46 0
46 14 0
14 21 0
21 14 0
14 57 0
57 14 0
14 24 0
24 14 0
14 52 0
52 14 0
14 2 0
2 14 0
15 27 0
27 15 0
15 40 0
40 15 0
15 7 0
7 15 0
15 34 0
34 15 0
15 60 0
60 15 0
16 52 0
52 16 0
16 54 0
54 16 0
16 89 0
89 16 0
16 17 0
17 16 0
16 65 0
65 16 0
16 63 0
63 16 0
16 49 0
49 16 0
16 81 0
81 16 0
16 41 0
41 16 0
17 81 0
81 17 0
17 38 0
38 17 0
17 76 0
76 17 0
17 82 0
82 17 0
17 33 0
33 17 0
17 24 0
24 17 0
18 65 0
65 18 0
18 71 0
71 18 0
18 8 0
8 18 0
18 13 0
13 18 0
18 86 0
86 18 0
18 41 0
41 18 0
18 54 0
54 18 0
18 67 0
67 18 0
19 35 0
35 19 0
19 30 0
30 19 0
19 67 0
67 19 0
19 49 0
49 19 0
19 21 0
21 19 0
19 98 0
98 19 0
19 59 0
59 19 0
19 20 0
20 19 0
19 61 0
61 19 0
20 38 0
38 20 0
20 90 0
90 20 0
20 92 0
92 20 0
20 72 0
72 20 0
20 60 0
60 20 0
21 13 0
13 21 0
21 18 0
18 21 0
21 82 0
82 21 0
21 24 0
24 21 0
21 51 0
51 21 0
21 93 0
93 21 0
22 81 0
81 22 0
22 52 0
52 22 0
22 12 0
12 22 0
22 40 0
40 22 0
22 8 0
8 22 0
22 95 0
95 22 0
22 58 0
58 22 0
22 35 0
35 22 0
22 24 0
24 22 0
23 67 0
67 23 0
23 0 0
0 23 0
23 20 0
20 23 0
23 53 0
53 23 0
23 9 0
9 23 0
23 43 0
43 23 0
23 26 0
26 23 0
24 11 0
11 24 0
24 76 0
76 24 0
24 26 0
26 24 0
24 69 0
69 24 0
25 74 0
74 25 0
25 60 0
60 25 0
25 65 0
65 25 0
25 47 0
47 25 0
25 83 0
83 25 0
25 58 0
58 25 0
25 49 0
49 25 0
25 11 0
11 25 0
25 56 0
56 25 0
26 61 0
61 26 0
26 17 0
17 26 0
26 91 0
91 26 0
27 51 0
51 27 0
27 50 0
50 27 0
27 70 0
70 27 0
27 66 0
66 27 0
27 93 0
93 27 0
27 80 0
80 27 0
27 23 0
23 27 0
27 44 0
44 27 0
28 87 0
87 28 0
28 74 0
74 28 0
28 64 0
64 28 0
28 66 0
66 28 0
28 86 0
86 28 0
29 82 0
82 29 0
29 73 0
73 29 0
29 78 0
78 29 0
29 56 0
56 29 0
29 86 0
86 29 0
29 37 0
37 29 0
29 76 0
76 29 0
29 21 0
21 29 0
29 85 0
85 29 0
30 73 0
73 30 0
30 23 0
23 30 0
30 96 0
96 30 0
30 56 0
56 30 0
30 98 0
98 30 0
30 67 0
67 30 0
31 81 0
81 31 0
31 64 0
64 31 0
31 89 0
89 31 0
31 60 0
60 31 0
31 46 0
46 31 0
31 74 0
74 31 0
31 87 0
87 31 0
31 93 0
93 31 0
31 37 0
37 31 0
32 88 0
88 32 0
32 79 0
79 32 0
32 72 0
72 32 0
32 93 0
93 32 0
32 21 0
21 32 0
32 81 0
81 32 0
32 82 0
82 32 0
32 37 0
37 32 0
32 47 0
47 32 0
33 73 0
73 33 0
33 71 0
71 33 0
33 75 0
75 33 0
33 42 0
42 33 0
33 50 0
50 33 0
33 95 0
95 33 0
34 17 0
17 34 0
34 15 0
15 34 0
34 95 0
95 34 0
34 83 0
83 34 0
34 81 0
81 34 0
34 67 0
67 34 0
34 68 0
68 34 0
34 71 0
71 34 0
34 35 0
35 34 0
35 39 0
39 35 0
35 97 0
97 35 0
35 76 0
76 35 0
35 77 0
77 35 0
35 32 0
32 35 0
36 39 0
39 36 0
36 71 0
71 36 0
36 98 0
98 36 0
36 96 0
96 36 0
36 82 0
82 36 0
36 54 0
54 36 0
36 35 0
35 36 0
37 50 0
50 37 0
37 91 0
91 37 0
38 36 0
36 38 0
38 45 0
45 38 0
38 75 0
75 38 0
38 78 0
78 38 0
38 20 0
20 38 0
38 84 0
84 38 0
38 37 0
37 38 0
38 50 0
50 38 0
38 87 0
87 38 0
39 81 0
81 39 0
39 20 0
20 39 0
39 15 0
15 39 0
39 59 0
59 39 0
39 98 0
98 39 0
40 82 0
82 40 0
40 47 0
47 40 0
40 79 0
79 40 0
40 73 0
73 40 0
40 80 0
80 40 0
40 13 0
13 40 0
41 90 0
90 41 0
41 98 0
98 41 0
41 84 0
84 41 0
41 96 0
96 41 0
42 79 0
79 42 0
42 93 0
93 42 0
42 90 0
90 42 0
42 53 0
53 42 0
42 96 0
96 42 0
42 45 0
45 42 0
42 86 0
86 42 0
42 44 0
44 42 0
43 69 0
69 43 0
43 95 0
95 43 0
43 90 0
90 43 0
43 60 0
60 43 0
43 80 0
80 43 0
43 85 0
85 43 0
43 53 0
53 43 0
43 68 0
68 43 0
44 82 0
82 44 0
44 75 0
75 44 0
44 86 0
86 44 0
44 91 0
91 44 0
44 64 0
64 44 0
44 49 0
49 44 0
45 48 0
48 45 0
45 46 0
46 45 0
45 88 0
88 45 0
45 89 0
89 45 0
45 58 0
58 45 0
46 54 0
54 46 0
46 33 0
33 46 0
46 94 0
94 46 0
46 39 0
39 46 0
47 78 0
78 47 0
47 77 0
77 47 0
47 44 0
44 47 0
47 48 0
48 47 0
47 73 0
73 47 0
48 26 0
26 48 0
48 69 0
69 48 0
48 97 0
97 48 0
48 91 0
91 48 0
48 52 0
52 48 0
48 47 0
47 48 0
48 82 0
82 48 0
48 70 0
70 48 0
49 62 0
62 49 0
49 56 0
56 49 0
49 54 0
54 49 0
49 98 0
98 49 0
50 96 0
96 50 0
50 46 0
46 50 0
51 74 0
74 51 0
51 57 0
57 51 0
51 43 0
43 51 0
51 73 0
73 51 0
51 78 0
78 51 0
51 96 0
96 51 0
52 33 0
33 52 0
52 90 0
90 52 0
52 74 0
74 52 0
52 75 0
75 52 0
53 76 0
76 53 0
53 66 0
66 53 0
53 64 0
64 53 0
53 62 0
62 53 0
53 51 0
51 53 0
54 80 0
80 54 0
54 65 0
65 54 0
54 39 0
39 54 0
55 56 0
56 55 0
55 74 0
74 55 0
55 60 0
60 55 0
55 48 0
48 55 0
55 78 0
78 55 0
55 98 0
98 55 0
55 45 0
45 55 0
55 59 0
59 55 0
55 70 0
70 55 0
55 57 0
57 55 0
56 54 0
54 56 0
56 71 0
71 56 0
57 81 0
81 57 0
57 60 0
60 57 0
57 75 0
75 57 0
57 88 0
88 57 0
57 99 0
99 57 0
58 84 0
84 58 0
58 88 0
88 58 0
58 57 0
57 58 0
58 86 0
86 58 0
58 90 0
90 58 0
58 37 0
37 58 0
59 77 0
77 59 0
59 88 0
88 59 0
59 86 0
86 59 0
59 73 0
73 59 0
59 61 0
61 59 0
59 94 0
94 59 0
59 58 0
58 59 0
61 69 0
69 61 0
61 28 0
28 61 0
61 84 0
84 61 0
61 72 0
72 61 0
61 94 0
94 61 0
62 53 0
53 62 0
62 28 0
28 62 0
62 98 0
98 62 0
62 91 0
91 62 0
62 88 0
88 62 0
62 41 0
41 62 0
62 84 0
84 62 0
62 76 0
76 62 0
62 87 0
87 62 0
63 83 0
83 63 0
63 72 0
72 63 0
63 71 0
71 63 0
63 51 0
51 63 0
63 97 0
97 63 0
63 89 0
89 63 0
63 88 0
88 63 0
63 73 0
73 63 0
64 69 0
69 64 0
64 65 0
65 64 0
64 60 0
60 64 0
64 79 0
79 64 0
64 75 0
75 64 0
65 92 0
92 65 0
66 72 0
72 66 0
66 75 0
75 66 0
66 95 0
95 66 0
66 85 0
85 66 0
66 67 0
67 66 0
67 84 0
84 67 0
67 63 0
63 67 0
67 94 0
94 67 0
68 64 0
64 68 0
68 88 0
88 68 0
68 50 0
50 68 0
68 77 0
77 68 0
68 79 0
79 68 0
69 79 0
79 69 0
69 85 0
85 69 0
69 61 0
61 69 0
69 97 0
97 69 0
69 87 0
87 69 0
70 84 0
84 70 0
70 72 0
72 70 0
71 95 0
95 71 0
72 91 0
91 72 0
72 88 0
88 72 0
75 74 0
74 75 0
75 72 0
72 75 0
76 94 0
94 76 0
77 65 0
65 77 0
77 84 0
84 77 0
77 89 0
89 77 0
77 82 0
82 77 0
77 68 0
68 77 0
77 79 0
79 77 0
79 50 0
50 79 0
79 97 0
97 79 0
80 93 0
93 80 0
80 75 0
75 80 0
80 96 0
96 80 0
80 74 0
74 80 0
80 91 0
91 80 0
80 60 0
60 80 0
83 65 0
65 83 0
83 47 0
47 83 0
83 91 0
91 83 0
83 92 0
92 83 0
85 71 0
71 85 0
85 87 0
87 85 0
85 92 0
92 85 0
85 95 0
95 85 0
87 95 0
95 87 0
87 94 0
94 87 0
87 88 0
88 87 0
89 99 0
99 89 0
90 76 0
76 90 0
90 53 0
53 90 0
90 99 0
99 90 0
91 85 0
85 91 0
91 99 0
99 91 0
92 97 0
97 92 0
92 70 0
70 92 0
92 83 0
83 92 0
92 47 0
47 92 0
92 76 0
76 92 0
93 73 0
73 93 0
93 56 0
56 93 0
93 94 0
94 93 0
94 71 0
71 94 0
94 61 0
61 94 0
94 95 0
95 94 0
97 92 0
92 97 0
97 85 0
85 97 0
97 89 0
89 97 0
97 70 0
70 97 0
99 68 0
68 99 0
99 56 0
56 99 0
99 83 0
83 99 0
